Number of vertices: 16

Primary Matrix: 
0	25	83	37	91	93	85	92	64	43	81	64	77	60	13	28	
81	0	89	61	7	72	10	92	60	29	71	41	90	0	82	35	
94	14	0	93	30	27	87	0	98	4	2	17	36	57	32	4	
77	86	74	0	5	0	86	99	53	53	12	85	18	53	38	62	
53	1	12	77	0	27	54	53	39	12	46	31	91	59	75	93	
12	29	26	28	76	0	93	25	42	6	65	84	25	16	72	34	
99	83	56	4	14	90	0	93	42	19	78	67	68	82	51	96	
58	36	57	93	94	20	0	0	70	90	81	11	54	84	12	67	
29	56	79	89	57	92	33	46	0	46	32	75	44	94	83	92	
40	35	94	48	48	19	64	9	98	0	20	56	90	87	24	81	
1	70	47	19	67	62	95	34	25	17	0	95	79	93	31	28	
43	3	18	28	61	75	1	21	72	8	95	0	75	72	29	22	
1	93	22	39	24	91	45	62	22	39	67	93	0	92	50	72	
64	53	1	67	48	74	58	59	1	55	34	14	42	0	10	79	
43	97	95	6	37	71	14	72	97	63	62	95	84	56	0	46	
44	68	86	73	8	86	24	37	79	70	53	87	1	43	98	0	

Asymptotic Complexity for Primary Graph: 1008.0

Time consumed for Primary Graph: 1178052

Secondary Graph_1: 
0	78	42	11	98	77	93	74	90	53	76	69	16	2	32	0	
65	0	67	34	46	84	1	38	62	14	94	16	68	54	99	32	
96	29	0	60	11	5	48	82	42	5	1	24	52	33	43	98	
19	13	80	0	24	36	61	30	81	33	84	36	3	80	89	99	
10	6	45	44	0	41	94	88	63	47	14	37	86	39	13	91	
43	19	73	97	98	0	42	7	60	56	28	74	32	55	4	54	
55	5	25	42	47	49	0	12	71	24	40	60	35	32	2	43	
5	93	39	1	4	28	25	0	14	56	12	48	99	79	10	10	
35	69	7	66	11	55	82	23	0	0	20	26	58	41	98	52	
28	55	92	87	38	41	79	33	66	0	39	94	63	64	81	26	
6	58	84	99	68	26	96	38	21	24	0	20	77	17	16	53	
1	28	20	22	67	91	22	5	14	68	42	0	89	3	14	82	
17	99	68	52	54	90	27	81	92	59	5	23	0	51	16	27	
87	27	7	54	0	5	93	94	60	63	89	19	34	0	2	24	
25	69	41	60	16	36	62	16	49	9	46	93	69	54	0	38	
55	3	7	18	25	9	66	84	65	72	51	56	87	25	49	0	

Merged Graph_1: 
0	0	25	78	83	42	37	11	91	98	93	77	85	93	92	74	64	90	43	53	81	76	
64	69	77	16	60	2	13	32	28	0	81	65	0	0	89	67	61	34	7	46	72	84	
10	1	38	60	62	29	14	71	94	41	16	90	68	0	54	82	99	35	32	94	96	14	
29	0	0	93	60	30	11	27	5	87	48	0	82	98	42	4	5	2	1	17	24	36	
52	57	33	32	43	4	98	77	19	13	74	80	0	0	5	24	0	36	86	61	99	30	
53	81	53	33	12	84	85	36	18	3	53	80	38	89	62	99	53	10	1	6	12	45	
77	44	0	0	27	41	54	94	53	88	39	63	12	47	46	14	31	37	91	86	59	39	
75	13	93	91	12	43	29	19	26	73	28	97	76	98	0	0	93	42	25	7	42	60	
6	56	65	28	84	74	25	32	16	55	72	4	34	54	99	55	83	5	56	25	4	42	
14	47	90	49	0	0	93	12	42	71	19	24	78	40	67	60	68	35	82	32	51	2	
96	43	58	5	36	93	57	39	93	1	4	28	25	0	70	14	90	56	81	12	11	48	
54	99	84	79	12	10	67	10	29	35	56	69	79	7	89	66	11	92	55	33	82	46	
23	0	46	0	32	20	75	26	44	58	94	41	83	98	92	52	40	28	35	55	94	92	
48	87	48	38	19	41	64	79	9	33	98	66	0	0	20	39	56	94	90	63	87	64	
24	81	81	26	1	6	70	58	47	84	19	99	67	68	62	26	95	96	34	38	25	21	
17	24	0	0	95	20	79	77	93	17	31	16	28	53	43	1	3	28	18	20	28	22	
61	67	75	91	1	22	21	5	72	14	8	68	95	42	0	0	75	89	72	3	29	14	
22	82	1	17	93	99	22	68	39	52	24	54	91	90	45	27	62	81	22	92	39	59	
67	5	93	23	0	0	92	51	50	16	72	27	64	87	53	27	1	7	67	54	48	0	
74	5	58	93	59	94	1	60	55	63	34	89	14	19	42	34	0	0	10	2	79	24	
43	25	97	69	95	41	6	60	37	16	71	36	14	62	72	16	97	49	63	9	62	46	
95	93	84	69	56	54	0	0	46	38	44	55	68	3	86	7	73	18	8	25	86	9	

Edge Count: 450

Asymptotic Complexity of Merged Graph_1: 1864.0

Time Consumed for Merged Graph_1:10656819

Secondary Graph_2: 
0	95	22	86	55	77	88	25	1	27	97	93	42	82	79	62	
32	0	14	82	34	57	66	99	89	27	78	94	18	65	27	56	
75	63	0	73	91	35	23	96	13	68	35	66	95	23	31	25	
94	30	67	0	89	94	17	79	43	14	68	97	22	39	42	14	
60	69	9	74	0	95	57	40	66	24	8	64	6	24	26	65	
80	44	66	85	41	0	15	11	68	45	37	39	76	59	1	37	
65	34	82	29	57	26	0	2	58	60	77	61	86	64	26	14	
47	64	55	37	26	34	73	0	78	7	28	45	95	3	19	70	
75	94	91	0	42	69	23	72	0	45	87	5	34	55	40	62	
60	53	51	81	6	3	57	71	39	0	0	82	88	76	1	12	
38	23	10	34	69	53	58	75	13	59	0	1	45	90	50	35	
46	31	0	25	32	13	35	27	8	65	53	0	61	31	60	25	
20	70	57	34	55	67	22	81	12	15	34	16	0	87	15	20	
81	72	93	87	61	71	68	20	92	94	25	70	65	0	35	28	
69	67	72	17	52	45	41	88	96	29	78	84	26	68	0	26	
68	97	32	56	42	68	98	91	26	0	4	33	22	74	85	0	

Merged Graph_2: 
0	0	25	95	83	22	37	86	91	55	93	77	85	88	92	25	64	1	43	27	81	97	
64	93	77	42	60	82	13	79	28	62	81	32	0	0	89	14	61	82	7	34	72	57	
10	66	38	99	60	89	29	27	71	78	41	94	90	18	0	65	82	27	35	56	94	75	
14	63	0	0	93	73	30	91	27	35	87	23	0	96	98	13	4	68	2	35	17	66	
36	95	57	23	32	31	4	25	77	94	13	30	74	67	0	0	5	89	0	94	86	17	
99	79	53	43	53	14	12	68	85	97	18	22	53	39	38	42	62	14	53	60	1	69	
12	9	77	74	0	0	27	95	54	57	53	40	39	66	12	24	46	8	31	64	91	6	
59	24	75	26	93	65	80	29	44	26	66	28	85	76	41	0	93	15	25	11	42	68	
6	45	65	37	84	39	25	76	16	59	72	1	34	37	99	65	83	34	56	82	4	29	
57	90	26	0	0	2	42	58	19	60	78	77	67	61	68	86	82	64	51	26	96	14	
58	47	64	57	55	93	37	4	26	28	34	25	73	0	0	78	90	7	81	28	11	45	
54	95	84	3	12	19	67	70	29	75	56	94	79	91	89	0	11	42	92	69	33	23	
46	72	0	0	46	45	32	87	75	5	44	34	94	55	83	40	92	62	60	35	53	51	
81	48	6	19	3	64	57	9	71	98	39	0	0	20	0	56	82	90	88	87	76	24	
1	81	12	1	38	70	23	47	10	19	34	67	69	62	53	95	58	34	75	25	13	17	
59	0	0	95	1	79	45	93	90	31	50	28	35	43	46	3	31	18	0	28	25	61	
32	75	13	1	35	21	27	72	8	8	65	95	53	0	0	75	61	72	31	29	60	22	
25	1	20	93	70	22	57	39	34	24	55	91	67	45	22	62	81	22	12	39	15	67	
34	93	16	0	0	92	87	50	15	72	20	64	81	53	72	1	93	67	87	48	61	74	
71	58	68	59	20	1	92	55	94	34	25	14	70	42	65	0	0	10	35	79	28	43	
69	97	67	95	72	6	17	37	52	71	45	14	41	72	88	97	96	63	29	62	78	95	
84	84	26	56	68	0	0	46	26	44	68	68	97	86	32	73	56	8	42	86	68	24	

Edge Count: 449

Asymptotic Complexity of Merged Graph_2: 1860.0

Time Consumed for Merged Graph_2:6814388

Secondary Graph_3: 
0	76	24	90	46	4	11	3	46	49	89	98	65	15	76	57	
61	0	37	44	95	7	90	8	76	52	92	24	41	69	1	54	
5	93	0	96	75	31	77	58	21	43	61	9	29	61	64	64	
48	53	1	0	34	47	87	50	66	77	4	78	66	20	95	72	
52	70	85	10	0	72	89	87	63	5	93	16	80	22	22	56	
11	83	86	31	66	0	79	62	27	21	6	66	15	40	6	28	
51	74	76	40	24	20	0	47	49	99	49	27	38	17	84	2	
38	5	54	14	71	70	73	0	89	60	26	97	77	87	67	36	
72	35	37	59	38	81	77	19	0	1	88	83	79	15	79	65	
74	75	42	34	63	65	97	99	46	0	49	88	41	57	86	55	
40	79	26	21	72	58	52	86	45	33	0	17	99	81	58	37	
82	6	7	53	52	42	36	75	59	1	10	0	84	89	42	49	
60	30	55	37	1	42	28	74	59	30	8	16	0	64	57	38	
28	27	19	46	55	24	30	78	45	18	67	60	7	0	65	39	
2	87	46	89	17	8	21	18	32	36	45	92	64	78	0	19	
81	7	79	6	45	4	91	73	90	50	92	21	83	12	31	0	

Merged Graph_3: 
0	0	25	76	83	24	37	90	91	46	93	4	85	11	92	3	64	46	43	49	81	89	
64	98	77	65	60	15	13	76	28	57	81	61	0	0	89	37	61	44	7	95	72	7	
10	90	38	8	60	76	29	52	71	92	41	24	90	41	0	69	82	1	35	54	94	5	
14	93	0	0	93	96	30	75	27	31	87	77	0	58	98	21	4	43	2	61	17	9	
36	29	57	61	32	64	4	64	48	53	74	1	0	0	5	34	0	47	86	87	99	50	
53	66	53	77	12	4	85	78	18	66	53	20	38	95	62	72	53	52	1	70	12	85	
77	10	0	0	27	72	54	89	53	87	39	63	12	5	46	93	31	16	91	80	59	22	
75	22	93	56	80	11	29	83	26	86	28	31	76	66	0	0	93	79	25	62	42	27	
6	21	65	6	84	66	25	15	16	40	72	6	34	28	99	51	74	56	76	4	40	24	
90	20	0	2	47	49	19	99	78	49	67	27	68	38	82	17	51	84	96	2	58	38	
64	5	57	54	93	14	4	71	28	70	25	73	0	0	78	89	90	60	81	26	11	97	
54	77	84	87	12	67	67	36	29	72	35	37	89	59	11	38	92	81	33	77	46	19	
0	0	46	1	32	88	75	83	44	79	94	15	83	79	92	65	60	74	35	75	51	42	
81	34	48	63	19	65	64	97	9	99	98	46	0	0	20	49	56	88	90	41	87	57	
24	86	81	55	1	40	70	79	47	26	19	21	67	72	62	58	95	52	34	86	25	45	
17	33	0	0	95	17	79	99	93	81	31	58	28	37	43	82	3	6	18	7	28	53	
61	52	75	42	1	36	21	75	72	59	8	1	95	10	0	0	75	84	72	89	29	42	
22	49	1	60	93	30	22	55	39	37	24	1	91	42	45	28	62	74	22	59	39	30	
67	8	93	16	0	0	92	64	50	57	72	38	64	28	53	27	1	19	67	46	48	55	
74	24	58	30	59	78	1	45	55	18	34	67	14	60	42	7	0	0	10	65	79	39	
43	2	97	87	95	46	6	89	37	17	71	8	14	21	72	18	97	32	63	36	62	45	
95	92	84	64	56	78	0	0	46	19	44	81	68	7	86	79	73	6	8	45	86	4	

Edge Count: 452

Asymptotic Complexity of Merged Graph_3: 1872.0

Time Consumed for Merged Graph_3:2660078

Secondary Graph_4: 
0	68	11	13	44	96	12	72	77	20	9	97	98	31	34	64	
0	0	16	90	42	2	38	1	8	17	70	40	49	34	15	36	
10	93	0	23	60	50	25	15	13	5	22	8	89	41	0	37	
14	76	25	0	8	77	87	51	43	77	67	54	8	49	83	31	
69	3	19	60	0	28	47	90	25	91	6	41	27	92	45	81	
27	38	16	80	93	0	76	55	79	37	95	86	63	90	42	91	
54	43	16	48	14	89	0	29	46	20	69	42	21	80	29	95	
4	52	97	8	76	16	62	0	98	96	2	89	68	94	1	42	
71	54	4	70	82	90	5	48	0	42	43	72	55	34	81	18	
16	82	71	55	23	91	10	2	13	0	91	97	86	69	10	80	
54	84	68	89	44	99	46	33	60	57	0	10	16	22	35	39	
99	93	86	26	55	64	51	72	78	95	58	0	91	67	9	68	
15	53	24	7	56	58	68	50	21	43	70	6	0	86	37	14	
13	28	18	69	24	2	36	56	20	70	71	72	80	0	50	45	
42	14	31	99	35	21	13	0	1	49	65	37	50	12	0	47	
97	10	81	79	57	36	16	99	38	68	41	60	20	42	96	0	

Merged Graph_4: 
0	0	68	83	11	37	13	91	44	93	96	12	92	72	64	77	43	20	81	9	64	97	
77	98	60	31	13	34	28	64	81	0	0	0	89	16	61	90	7	42	72	2	10	38	
38	1	60	8	29	17	71	70	41	40	90	49	0	34	82	15	35	36	94	10	14	93	
0	0	93	23	60	27	50	87	25	15	98	13	4	5	2	22	17	8	36	89	57	41	
32	0	4	37	48	14	53	76	25	0	0	5	8	0	77	87	99	51	53	43	53	77	
12	67	85	54	18	8	53	49	38	83	62	31	69	1	3	12	19	77	60	0	0	27	
28	47	53	90	39	25	12	91	46	6	31	41	91	27	59	92	75	45	93	81	27	29	
38	26	16	80	76	93	0	0	93	76	25	55	42	79	6	37	65	95	84	86	25	63	
16	90	72	42	34	91	99	54	74	43	56	16	4	48	24	14	90	89	0	0	2	29	
49	46	19	20	78	69	67	42	68	21	82	80	51	29	96	95	58	4	64	52	57	97	
93	8	4	76	28	16	25	62	0	0	78	98	90	96	81	2	11	89	54	68	84	94	
12	1	67	42	29	71	35	54	37	4	89	70	11	82	92	90	33	5	46	48	0	0	
46	42	32	43	75	72	44	55	94	34	83	81	92	18	60	16	35	82	51	71	81	55	
48	23	19	91	64	10	9	2	98	13	0	0	20	91	56	97	90	86	87	69	24	10	
81	80	1	54	70	84	47	68	19	89	67	44	62	99	95	46	34	33	25	60	17	57	
0	0	95	10	79	16	93	22	31	35	28	39	43	99	3	93	18	86	28	26	61	55	
75	64	1	51	21	72	72	78	8	95	95	58	0	0	75	91	72	67	29	9	22	68	
1	15	93	53	22	24	39	7	24	56	91	58	45	68	62	50	22	21	39	43	67	70	
93	6	0	0	92	86	50	37	72	14	64	13	53	28	1	18	67	69	48	24	74	2	
58	36	59	56	1	20	55	70	34	71	14	72	42	80	0	0	10	50	79	45	43	42	
97	14	95	31	6	99	37	35	71	21	14	13	72	0	97	1	63	49	62	65	95	37	
84	50	56	12	0	0	46	47	44	97	68	10	86	81	73	79	8	57	86	36	24	16	

Edge Count: 449

Asymptotic Complexity of Merged Graph_4: 1860.0

Time Consumed for Merged Graph_4:2412179

Secondary Graph_5: 
0	88	27	58	63	63	20	95	35	74	66	46	75	12	16	33	
77	0	44	74	84	69	47	9	44	1	66	23	59	60	26	3	
13	51	0	50	80	31	19	2	91	76	15	93	75	33	99	53	
81	55	71	0	95	42	41	32	91	73	11	69	86	94	37	10	
80	32	58	32	0	35	62	75	40	55	31	37	5	36	15	20	
37	59	60	57	25	0	92	42	1	99	6	26	49	64	35	53	
25	80	51	87	87	71	0	55	42	27	52	30	94	63	22	36	
7	58	16	92	45	42	55	0	10	37	33	16	39	54	20	40	
79	90	92	54	47	13	57	15	0	72	38	51	20	31	85	68	
96	30	47	37	77	84	51	86	26	0	47	15	41	67	98	22	
40	39	90	98	33	29	36	68	3	37	0	97	78	16	49	41	
24	0	20	16	70	19	78	77	95	98	10	0	34	65	59	83	
41	53	96	52	11	53	16	30	96	97	2	4	0	16	84	97	
5	25	34	69	33	31	45	94	22	80	83	2	69	0	74	69	
61	80	94	25	84	12	52	20	51	57	88	49	81	77	0	39	
83	3	69	55	57	3	16	60	87	67	21	51	34	54	66	0	

Merged Graph_5: 
0	68	88	83	27	58	91	63	93	63	12	20	92	95	64	35	43	74	81	66	64	46	
77	75	60	12	13	16	28	33	77	0	0	89	44	61	74	7	84	72	69	10	47	38	
9	60	44	1	71	66	41	23	90	59	0	60	82	26	35	3	94	13	14	51	0	0	
93	50	80	27	31	87	19	2	98	91	4	76	2	15	17	93	36	75	57	33	32	99	
4	53	48	81	53	55	25	71	0	0	5	95	0	42	87	41	99	32	53	91	53	73	
12	11	85	69	18	86	53	94	38	37	62	10	80	1	32	12	58	32	0	0	27	35	
47	62	53	75	39	40	12	55	46	31	31	37	91	5	59	36	75	15	93	20	27	37	
29	59	26	60	80	57	76	25	0	0	93	92	25	42	42	1	6	99	65	6	84	26	
25	49	16	64	72	35	34	53	99	25	74	80	56	51	4	87	24	87	90	71	0	0	
2	55	49	42	19	27	78	52	67	30	68	94	82	63	51	22	96	36	58	7	64	58	
57	16	93	92	45	28	42	25	55	0	0	10	90	37	81	33	11	16	54	39	84	54	
12	20	67	40	79	35	90	37	92	89	54	11	47	92	13	33	57	46	15	0	0	46	
72	32	38	75	51	44	20	94	31	83	85	92	68	60	96	35	30	51	47	81	37	48	
77	19	84	64	51	9	86	98	26	0	0	20	47	56	15	90	41	87	67	24	98	81	
22	1	40	70	39	47	90	19	98	67	33	62	29	95	36	34	68	25	3	17	37	0	
0	95	97	79	78	93	16	31	49	28	41	43	24	3	0	18	20	28	16	61	70	75	
19	1	78	21	77	72	95	8	98	95	10	0	0	75	34	72	65	29	59	22	83	1	
41	93	53	22	96	39	52	24	11	91	53	45	16	62	30	22	96	39	97	67	2	93	
4	0	0	92	16	50	84	72	97	64	5	53	25	1	34	67	69	48	33	74	31	58	
45	59	94	1	22	55	80	34	83	14	2	42	69	0	0	10	74	79	69	43	61	97	
80	95	94	6	25	37	84	71	12	14	52	72	20	97	51	63	57	62	88	95	49	84	
81	56	77	0	0	46	39	44	83	68	3	86	69	73	55	8	57	86	3	24	16	37	

Edge Count: 452

Asymptotic Complexity of Merged Graph_5: 1872.0

Time Consumed for Merged Graph_5:2586517

Secondary Graph_6: 
0	25	7	68	90	27	25	68	4	59	65	12	24	72	99	82	
23	0	80	97	45	76	43	26	96	74	26	77	14	17	66	93	
41	22	0	18	70	41	46	68	39	53	59	49	39	78	54	3	
54	2	50	0	31	53	21	57	1	10	42	12	84	69	70	35	
86	35	64	81	0	0	21	94	48	87	43	30	63	22	45	20	
46	8	96	29	61	0	36	9	72	61	27	57	57	42	44	44	
20	66	85	44	57	65	0	76	83	20	40	31	23	40	91	60	
62	49	62	64	74	61	63	0	64	31	70	41	90	27	64	99	
61	83	83	34	66	61	82	50	0	94	11	36	22	11	1	73	
25	47	25	24	49	13	55	20	70	0	36	15	76	38	50	88	
37	53	79	28	16	27	96	20	47	7	0	20	94	65	18	14	
81	31	21	0	31	87	10	18	82	63	78	0	13	98	23	55	
73	78	78	91	80	89	63	84	78	20	41	82	0	40	79	36	
63	25	30	10	96	31	70	24	94	43	60	18	59	0	9	0	
41	61	77	95	1	17	49	98	23	98	46	22	73	6	0	84	
19	11	16	86	82	3	49	24	78	47	21	75	62	48	90	0	

Merged Graph_6: 
0	0	68	25	83	7	58	68	91	90	93	27	12	25	92	68	64	4	43	59	81	65	
64	12	77	24	60	72	13	99	28	82	23	0	89	80	61	97	7	45	72	76	10	43	
38	26	60	96	1	74	71	26	41	77	90	14	0	17	82	66	35	93	94	41	14	22	
0	0	93	18	80	70	27	41	87	46	2	68	98	39	4	53	2	59	17	49	36	39	
57	78	32	54	4	3	48	54	53	2	25	50	0	0	5	31	0	53	87	21	57	53	
1	10	12	42	85	12	18	84	53	69	38	70	62	35	80	86	1	35	12	64	32	81	
0	0	27	0	47	21	53	94	39	48	12	87	46	43	31	30	91	63	59	22	75	45	
93	20	27	46	29	8	26	96	80	29	76	61	0	0	93	36	25	9	42	72	6	61	
65	27	84	57	25	57	16	42	72	44	34	44	99	20	74	66	56	85	4	44	24	57	
90	65	0	0	76	83	19	20	78	40	67	31	68	23	82	40	51	91	96	60	58	62	
64	49	57	62	93	64	45	74	28	61	25	63	0	0	10	64	90	31	81	70	11	41	
54	90	84	27	12	64	67	99	79	61	35	83	37	83	89	34	11	66	92	61	33	82	
46	50	0	0	46	94	32	11	75	36	44	22	94	11	83	1	92	73	60	25	35	47	
51	25	81	24	48	49	19	13	64	55	9	20	98	70	0	0	20	36	56	15	90	76	
87	38	24	50	81	88	1	37	70	53	47	79	19	28	67	16	62	27	95	96	34	20	
25	47	17	7	0	0	95	20	79	94	93	65	31	18	28	14	43	81	3	31	18	21	
28	0	61	31	75	87	1	10	21	18	72	82	8	63	95	78	0	0	75	13	72	98	
29	23	22	55	1	73	93	78	22	78	39	91	24	80	91	89	45	63	62	84	22	78	
39	20	67	41	93	82	0	0	92	40	50	79	72	36	64	63	53	25	1	30	67	10	
48	96	74	31	58	70	59	24	1	94	55	43	34	60	14	18	42	59	0	0	10	9	
79	0	43	41	97	61	95	77	6	95	37	1	71	17	14	49	72	98	97	23	63	98	
62	46	95	22	84	73	56	6	0	0	46	84	44	19	68	11	86	16	73	86	8	82	

Edge Count: 450

Asymptotic Complexity of Merged Graph_6: 1864.0

Time Consumed for Merged Graph_6:2711272

Secondary Graph_7: 
0	69	48	51	94	71	56	34	82	49	44	98	74	59	31	2	
50	0	25	5	25	52	66	39	93	65	14	37	16	85	17	85	
53	65	0	97	67	69	20	40	4	1	39	83	51	54	9	33	
4	65	94	0	9	20	21	25	9	12	14	7	39	27	79	8	
79	57	54	98	0	72	34	7	2	4	54	13	33	43	22	47	
79	94	95	27	17	0	95	41	4	48	75	62	18	39	53	19	
40	10	40	98	12	89	0	22	93	53	96	32	21	50	49	2	
42	65	97	57	54	75	37	0	69	37	63	85	1	16	11	39	
95	18	76	71	21	91	63	84	0	86	84	61	59	14	70	7	
24	62	49	62	83	91	35	34	35	0	18	96	33	49	14	26	
90	49	30	38	59	1	73	25	12	84	0	99	58	12	97	1	
18	50	26	53	10	22	65	67	52	33	92	0	35	71	58	59	
84	81	14	65	60	98	31	54	34	60	11	88	0	20	29	87	
42	81	57	5	58	58	23	47	11	39	63	97	44	0	50	28	
88	31	15	40	4	52	60	34	6	76	23	28	61	67	0	65	
43	86	46	72	7	68	79	61	49	68	83	46	75	64	68	0	

Merged Graph_7: 
0	0	68	69	83	48	58	51	91	94	93	71	12	56	92	34	64	82	43	49	81	44	
64	98	77	74	60	59	13	31	28	2	23	50	0	0	89	25	61	5	7	25	72	52	
10	66	38	39	60	93	1	65	71	14	41	37	90	16	0	85	82	17	35	85	94	53	
14	65	0	0	93	97	80	67	27	69	87	20	2	40	98	4	4	1	2	39	17	83	
36	51	57	54	32	9	4	33	48	4	53	65	25	94	0	0	5	9	0	20	87	21	
57	25	53	9	10	12	12	14	85	7	18	39	53	27	38	79	62	8	80	79	1	57	
12	54	32	98	0	0	27	72	47	34	53	7	39	2	12	4	46	54	31	13	91	33	
59	43	75	22	93	47	27	79	29	94	26	95	80	27	76	17	0	0	93	95	25	41	
42	4	6	48	65	75	84	62	25	18	16	39	72	53	34	19	99	40	74	10	56	40	
4	98	12	90	89	0	0	22	83	93	19	53	78	96	67	32	68	21	82	50	51	49	
96	2	58	42	64	65	57	97	93	57	45	54	28	75	25	37	0	0	10	69	90	37	
81	63	11	85	54	1	84	16	12	11	67	39	95	35	18	37	76	89	71	92	91	33	
63	46	84	0	0	86	32	84	75	61	44	59	94	14	83	70	92	7	60	24	35	62	
51	49	81	62	48	83	19	91	64	35	9	34	98	35	0	0	20	18	56	96	90	33	
87	49	24	14	81	26	1	90	70	49	47	30	19	38	67	59	62	1	95	73	34	25	
25	12	17	84	0	0	95	99	79	58	93	12	31	97	28	1	43	18	3	50	18	26	
28	53	61	10	75	22	1	65	21	67	72	52	8	33	95	92	0	0	75	35	72	71	
29	58	22	59	1	84	93	81	22	14	39	65	24	60	91	98	45	31	62	54	22	34	
39	60	67	11	93	88	0	0	92	20	50	29	72	87	64	42	53	81	1	57	67	5	
48	58	74	58	58	23	59	47	1	11	55	39	34	63	14	97	42	44	0	0	10	50	
79	28	43	88	97	31	95	15	6	40	37	4	71	52	14	60	72	34	97	6	63	76	
62	23	95	28	84	61	56	67	0	0	46	65	44	43	68	86	86	46	73	72	8	7	

Edge Count: 452

Asymptotic Complexity of Merged Graph_7: 1872.0

Time Consumed for Merged Graph_7:2305878

Secondary Graph_8: 
0	45	95	65	56	44	48	53	82	73	49	7	46	86	35	64	
19	0	62	88	18	38	75	26	84	38	93	40	86	92	78	21	
90	34	0	50	57	72	81	55	88	65	42	48	21	17	73	18	
71	71	69	0	28	42	31	29	85	97	95	81	15	99	96	96	
32	19	88	8	0	87	74	10	47	6	13	52	56	93	31	36	
92	51	86	50	43	0	9	86	45	74	47	0	39	99	45	94	
70	18	89	96	50	0	0	26	55	1	92	36	69	64	20	4	
98	90	10	8	52	67	24	0	92	10	49	75	27	91	78	42	
12	3	63	41	15	14	69	81	0	6	57	44	60	96	52	48	
80	44	67	94	20	67	36	57	17	0	38	77	72	1	46	91	
97	2	45	1	63	5	98	9	13	39	0	7	40	1	38	91	
57	67	30	66	60	2	49	56	60	95	49	0	65	88	93	49	
38	61	48	26	8	31	57	66	63	59	21	97	0	36	41	25	
23	52	56	45	24	61	65	81	28	80	85	8	95	0	50	67	
69	14	30	91	99	40	59	2	14	80	7	88	9	44	0	45	
76	90	13	31	7	41	26	25	39	4	90	73	24	92	24	0	

Merged Graph_8: 
0	0	68	45	83	95	58	65	91	56	93	44	12	48	92	53	64	82	43	73	81	49	
64	7	77	46	60	86	13	35	28	64	19	0	0	89	62	88	7	18	72	38	10	75	
38	26	60	84	1	38	71	93	41	40	90	86	0	92	82	78	35	21	94	90	14	34	
0	0	93	50	80	57	27	72	87	81	2	55	98	88	4	65	2	42	17	48	36	21	
57	17	32	73	4	18	48	71	53	71	25	69	0	0	5	28	0	42	87	31	57	29	
53	85	10	97	12	95	85	81	18	15	53	99	38	96	62	96	80	32	1	19	12	88	
32	8	0	0	27	87	47	74	53	10	39	47	12	6	46	13	31	52	91	56	59	93	
75	31	93	36	27	92	29	51	26	86	80	50	76	43	0	0	93	9	86	45	6	74	
65	47	84	0	25	39	16	99	72	45	34	94	99	70	74	18	56	89	4	96	12	50	
90	0	0	0	22	26	83	55	19	1	78	92	67	36	68	69	82	64	51	20	96	4	
58	98	64	90	57	10	93	8	45	52	28	67	25	24	0	0	10	92	90	10	81	49	
11	75	54	27	84	91	12	78	67	42	95	12	35	3	37	63	89	41	15	92	14	33	
69	46	81	0	0	86	6	32	57	75	44	44	60	94	96	83	52	92	48	60	80	44	
51	67	81	94	20	19	67	64	36	9	57	98	17	0	0	20	38	56	77	90	72	87	
1	24	46	81	91	1	97	70	2	47	45	19	1	67	63	62	5	95	98	34	9	25	
13	17	39	0	0	95	7	79	40	93	1	31	38	28	91	43	57	3	67	18	30	28	
66	61	60	75	2	1	49	21	56	72	60	8	95	95	49	0	0	75	65	72	88	29	
93	22	49	1	38	93	61	22	48	39	26	24	8	91	31	45	57	62	66	22	63	39	
59	67	21	93	97	0	0	92	36	50	41	72	25	64	23	53	52	1	56	67	45	48	
24	74	61	58	65	59	81	1	28	55	80	34	85	14	8	42	95	0	0	10	50	79	
67	43	69	97	14	95	30	6	91	37	99	71	40	14	59	72	2	97	14	63	80	62	
7	95	88	84	9	56	44	0	0	46	45	44	76	68	90	86	13	73	31	8	7	86	

Edge Count: 450

Asymptotic Complexity of Merged Graph_8: 1864.0

Time Consumed for Merged Graph_8:2220432

Secondary Graph_9: 
0	1	98	12	67	82	17	98	71	64	68	18	12	81	41	70	
64	0	41	83	89	68	76	68	76	84	57	52	33	47	46	91	
12	62	0	47	2	67	1	41	68	96	3	79	17	4	63	12	
77	61	7	0	88	9	48	2	86	58	62	57	86	79	34	76	
62	38	57	87	0	54	9	52	5	52	59	3	68	28	98	55	
1	81	79	87	60	0	40	30	29	39	30	89	85	15	71	35	
77	47	77	83	1	42	0	28	81	60	49	83	76	48	55	48	
20	67	89	19	38	67	75	0	5	48	29	21	26	15	92	51	
62	85	3	49	69	37	13	23	0	85	67	74	40	11	30	89	
48	33	2	57	50	35	5	13	46	0	70	43	4	42	70	72	
47	58	87	80	44	77	15	97	51	4	0	1	42	6	9	65	
25	96	95	87	73	7	15	68	13	30	35	0	63	23	10	48	
93	54	30	12	18	53	73	90	65	90	68	69	0	74	62	51	
24	1	46	66	98	98	82	30	89	72	18	30	13	0	28	94	
80	65	51	12	65	72	59	55	87	89	24	22	45	71	0	22	
58	78	28	99	71	61	32	40	45	55	49	14	73	73	38	0	

Merged Graph_9: 
0	0	68	1	83	98	58	12	91	67	93	82	12	17	92	98	64	71	43	64	81	68	
64	18	77	12	60	81	13	41	28	70	19	64	0	0	89	41	88	83	7	89	72	68	
10	76	38	68	60	76	1	84	71	57	41	52	90	33	0	47	82	46	35	91	94	12	
14	62	0	0	93	47	80	2	27	67	87	1	2	41	98	68	4	96	2	3	17	79	
36	17	57	4	32	63	4	12	48	77	61	25	7	0	0	5	88	0	9	48	57	2	
53	86	10	58	12	62	85	57	18	86	53	79	38	34	62	76	80	62	1	38	12	57	
87	0	0	27	54	47	9	53	52	5	12	52	46	59	31	3	91	68	59	28	75	98	
93	55	27	1	29	81	26	79	80	87	76	60	0	0	93	40	86	30	45	29	6	39	
65	30	84	89	25	85	16	15	72	71	34	35	99	77	47	56	77	4	83	12	1	90	
42	0	22	28	83	81	19	60	78	49	67	83	68	76	82	48	51	55	96	48	58	20	
64	67	57	89	93	19	45	38	28	67	25	75	0	0	10	5	90	48	81	29	11	21	
54	26	84	15	12	92	67	51	95	62	35	85	37	3	89	49	69	92	37	33	13	46	
23	0	0	86	85	32	67	75	74	44	40	94	11	83	30	92	89	60	48	44	33	51	
2	81	57	20	50	19	35	64	5	9	13	98	46	0	0	20	70	56	43	90	4	87	
42	24	70	81	72	1	47	70	58	47	87	19	80	67	44	62	77	95	15	34	97	25	
51	17	4	0	0	95	1	79	42	93	6	31	9	28	65	43	25	3	96	18	95	28	
87	61	73	75	7	1	15	21	68	72	13	8	30	95	35	0	0	75	63	72	23	29	
10	22	48	1	93	93	54	22	30	39	12	24	18	91	53	45	73	62	90	22	65	39	
90	67	68	93	69	0	0	92	74	50	62	72	51	64	24	53	1	1	46	67	66	48	
98	74	98	58	82	59	30	1	89	55	72	34	18	14	30	42	13	0	0	10	28	79	
94	43	80	97	65	95	51	6	12	37	65	71	72	14	59	72	55	97	87	63	89	62	
24	95	22	84	45	56	71	0	0	46	22	44	58	68	78	86	28	73	99	8	71	86	

Edge Count: 453

Asymptotic Complexity of Merged Graph_9: 1876.0

Time Consumed for Merged Graph_9:2444364

Secondary Graph_10: 
0	9	4	27	79	65	43	21	6	41	28	2	89	12	63	79	
97	0	10	47	56	6	21	42	47	25	52	13	39	86	56	3	
63	52	0	87	95	39	31	65	85	90	68	42	58	51	92	79	
68	1	16	0	49	45	6	58	20	28	82	37	65	0	10	2	
9	26	13	16	0	16	33	97	68	75	63	50	7	71	93	17	
99	71	94	25	80	0	78	25	96	57	80	56	34	21	41	20	
43	76	55	60	88	66	0	10	71	94	53	9	67	31	70	1	
13	17	67	86	20	62	14	0	96	94	15	72	43	20	17	27	
67	17	2	29	42	74	92	66	0	21	47	49	43	32	41	4	
70	84	59	8	39	63	46	46	5	0	56	1	66	82	72	57	
64	46	93	64	4	39	15	48	56	66	0	22	7	36	29	61	
64	94	37	83	72	68	96	46	80	3	58	0	51	80	13	31	
72	40	48	62	85	6	22	7	90	72	19	67	0	11	63	44	
1	2	52	10	80	36	44	17	27	73	53	35	67	0	39	12	
40	6	39	90	31	35	97	31	4	36	55	73	31	9	0	39	
64	58	42	6	96	9	89	38	7	48	27	88	49	44	20	0	

Merged Graph_10: 
0	0	68	9	83	4	58	27	91	79	93	65	12	43	92	21	64	6	43	41	81	28	
64	2	77	89	60	12	13	63	28	79	19	97	0	0	89	10	88	47	7	56	72	6	
10	21	38	42	60	47	1	25	71	52	41	13	90	39	0	86	82	56	35	3	94	63	
14	52	0	0	93	87	80	95	27	39	87	31	2	65	98	85	4	90	2	68	17	42	
36	58	57	51	32	92	4	79	48	68	1	25	16	0	0	5	49	0	45	48	6	58	
53	20	10	28	12	82	85	37	18	65	53	0	38	10	62	2	80	9	1	26	13	87	
16	0	0	27	16	47	33	53	97	5	68	12	75	46	63	31	50	91	7	59	71	75	
93	93	17	27	99	29	71	26	94	80	25	76	80	0	0	93	78	86	25	45	96	6	
57	65	80	84	56	25	34	16	21	72	41	34	20	99	43	47	76	55	4	60	88	90	
66	0	0	22	10	83	71	19	94	78	53	67	9	68	67	82	31	51	70	96	1	58	
13	64	17	57	67	93	86	45	20	28	62	25	14	0	0	10	96	90	94	81	15	11	
72	54	43	84	20	12	17	67	27	95	67	17	37	2	89	29	42	74	33	92	46	66	
0	0	86	21	32	47	75	49	44	43	94	32	83	41	92	4	60	70	44	84	51	59	
81	8	20	39	19	63	64	46	9	46	98	5	0	0	20	56	56	1	90	66	87	82	
24	72	81	57	1	64	70	46	47	93	19	64	67	4	62	39	95	15	34	48	25	56	
17	66	0	0	95	22	79	7	93	36	31	29	28	61	43	64	3	94	18	37	28	83	
61	72	75	68	1	96	21	46	72	80	8	3	95	58	0	0	75	51	72	80	29	13	
22	31	1	72	93	40	22	48	39	62	24	85	91	6	45	22	62	7	22	90	39	72	
67	19	93	67	0	0	92	11	50	63	72	44	64	1	53	2	1	52	67	10	48	80	
74	36	58	44	59	17	1	27	55	73	34	53	14	35	42	67	0	0	10	39	79	12	
43	40	97	6	95	39	6	90	37	31	71	35	14	97	72	31	97	4	63	36	62	55	
95	73	84	31	56	9	0	0	46	39	44	64	68	58	86	42	73	6	8	96	86	9	

Edge Count: 451

Asymptotic Complexity of Merged Graph_10: 1868.0

Time Consumed for Merged Graph_10:1937219

Shortest path Distance of Primary Graph and Secondary Graph_9:  209
Shortest Path of Primary Graph 304
Shortest path Distance of Primary Graph and Secondary Graph_7:  301
Shortest path Distance of Primary Graph and Secondary Graph_8:  280
Shortest path Distance of Primary Graph and Secondary Graph_5:  367
Shortest path Distance of Primary Graph and Secondary Graph_6:  304
Shortest path Distance of Primary Graph and Secondary Graph_3:  483
Shortest path Distance of Primary Graph and Secondary Graph_4:  252
Shortest path Distance of Primary Graph and Secondary Graph_10:  423
Shortest path Distance of Primary Graph and Secondary Graph_1:  410
Shortest path Distance of Primary Graph and Secondary Graph_2:  329

Minimum distance among all the graphs: 209
Average distance for all merged Graphs: 335

Primary Graph shortest distance < average shortest distance of all merged graphs

Primary Graph Shortest distance > the minimum distance
